399
326
251
159
34
-137
-366
-657
-1011
-1418
-1864
-2327
-2778
-3185
-3514
-3731
-3804
-3709
-3427
-2951
-2284
-1439
-443
668
1850
3051
4217
5293
6226
6970
7488
7754
7754
7488
6970
6226
5293
4217
3051
1850
668
-443
-1439
-2284
-2951
-3427
-3709
-3804
-3731
-3514
-3185
-2778
-2327
-1864
-1418
-1011
-657
-366
-137
34
159
251
326
399
-59
-244
-436
-630
-805
-921
-927
-771
-416
144
874
1692
2477
3081
3359
3191
2514
1340
-232
-2022
-3793
-5279
-6230
-6454
-5854
-4447
-2374
118
2709
5052
6824
7777
7777
6824
5052
2709
118
-2374
-4447
-5854
-6454
-6230
-5279
-3793
-2022
-232
1340
2514
3191
3359
3081
2477
1692
874
144
-416
-771
-927
-921
-805
-630
-436
-244
-59
