1303
1411
1500
1558
1589
1582
1543
1470
1372
1264
1153
1049
964
907
877
883
922
991
1083
1193
1306
1411
1500
1559
1588
1582
1541
1468
1371
1263
1152
1049
964
907
878
884
925
994
1087
1194
1304
1410
1499
1559
1588
1582
1541
1466
1371
1262
1150
1046
962
905
877
883
925
994
1084
1194
1305
1409
1498
1558
1588
1582
1541
1467
1371
1263
1152
1047
963
904
876
883
924
994
1085
1193
1304
1410
1499
1560
1590
1582
1542
1469
1372
1263
1151
1047
963
905
878
884
925
994
1084
1193
1305
1410
1498
1559
1587
1581
1542
1468
1373
1264
1153
1049
961
905
878
885
925
995
1086
1194
1305
1411
1498
1560
1589
1582
1542
1468
1372
1263
1153
1051
964
907
880
885
924
993
1086
1194
1305
1412
1501
1559
1587
1580
1540
1468
1373
1264
1152
1049
964
904
876
884
923
994
1086
1193
1304
1408
1497
1558
1587
1580
1541
1468
1372
1262
1151
1049
964
905
877
885
925
993
1086
1192
1304
1410
1499
1558
1586
1581
1542
1466
1369
1260
1148
1047
963
903
875
882
923
992
1084
1192
1303
1411
1498
1557
1587
1581
1540
1467
1370
1261
1151
1047
963
905
877
884
924
995
1086
1194
1307
1411
1498
1557
1586
1582
1541
1467
1370
1262
1152
1050
965
906
878
883
925
994
1086
1191
1302
1409
1498
1558
1589
1580
1541
1467
1372
1263
1152
1048
964
906
878
884
925
993
1086
1193
1304
1410
1497
1558
1587
1580
1541
1466
1370
1263
1152
1046
962
904
877
883
922
993
1084
1192
1305
1411
1498
1558
1588
1581
1542
1469
1371
1263
1152
1048
963
905
877
884
925
993
1087
1193
1305
1413
1500
1559
1588
1582
1541
1470
1373
1263
1152
1048
962
904
877
885
925
995
1086
1193
1305
1410
1498
1559
1587
1581
1540
1469
1372
1263
1151
1048
964
905
877
883
925
994
1087
1193
1305
1412
1499
1561
1589
1582
1542
1467
1371
1263
1152
1046
963
906
878
885
923
993
1085
1193
1305
1409
1498
1559
1587
1581
1541
1469
1371
1263
1150
1048
963
905
877
884
924
994
1087
1195
1308
1412
1500
1560
1587
1582
1539
1467
1370
1263
1151
1047
964
907
878
884
924
994
1087
1194
1304
1410
1499
1560
1590
1583
1540
1467
1370
1261
1152
1050
964
907
878
884
924
993
1086
1194
1306
1409
1499
1559
1588
1581
1541
1467
1372
1263
1153
1049
963
904
877
884
925
995
1087
1193
1306
1411
1500
1559
1587
1582
1542
1469
1372
1263
1153
1049
962
905
875
883
922
993
1084
1194
1306
1410
1500
1558
1589
1582
1542
1470
1371
1263
1153
1048
964
908
878
884
923
993
1085
1192
1304
1410
1499
1559
1589
1581
1543
1469
1372
1261
1150
1048
962
905
876
882
923
992
1086
1193
1306
1411
1500
1559
1588
1582
1541
1465
1371
1262
1149
1047
962
907
879
885
925
993
1087
1194
1305
1410
1498
1559
1588
1581
1540
1467
1371
1261
1151
1048
963
904
878
885
925
994
1085
1192
1306
1413
1499
1560
1587
1580
1540
1467
1370
1262
1152
1048
963
906
878
885
924
995
1087
1196
1306
1408
1497
1559
1588
1580
1541
1467
1372
1263
1152
1047
963
905
877
884
924
993
1085
1194
1304
1411
1499
1559
1586
1582
1542
1469
1371
1263
1152
1047
964
907
878
884
924
994
1086
1195
1307
1411
1500
1559
1587
1581
1541
1467
1370
1261
1151
1047
964
907
878
884
924
992
1085
1191
1303
1410
1500
1559
1587
1583
1542
1468
1371
1263
1153
1049
963
905
876
882
924
994
1086
1194
1306
1410
1500
1560
1589
1581
1540
1467
1371
1262
1151
1047
963
907
878
884
925
994
1086
1195
1306
1411
1499
1559
1588
1582
1540
1466
1370
1262
1152
1048
962
905
878
882
923
994
1086
1194
1305
1411
1499
1560
1589
1581
1542
1469
1371
1262
1151
1047
963
905
878
885
925
994
1086
1195
1306
1413
1499
1558
1587
1581
1541
1467
1371
1263
1153
1049
963
906
877
882
924
994
1086
1192
1304
1410
1500
1560
1590
1583
1542
1468
1371
1262
1151
1048
962
905
877
882
924
993
1087
1195
1305
1411
1501
1560
1587
1581
1539
1466
1371
1262
1151
1046
963
906
878
884
924
994
1085
1192
1304
1411
1499
1559
1588
1582
1542
1467
1370
1261
1150
1048
963
903
877
884
924
995
1087
1195
1306
1411
1501
1561
1590
1583
1541
1468
1371
1262
1151
1050
963
905
877
885
924
992
1086
1195
1305
1412
1499
1559
1588
1580
1541
1468
1371
1263
1152
1049
963
906
877
884
923
994
1086
1195
1305
1412
1497
1558
1588
1583
1541
1468
1372
1264
1154
1048
963
907
879
883
924
993
1085
1194
1304
1411
1498
1559
1587
1582
1542
1466
1372
1262
1152
1047
964
907
878
884
925
994
1086
1192
1306
1411
1499
1560
1590
1582
1542
1469
1373
1263
1150
1048
963
906
878
884
923
993
1085
1195
1307
1411
1499
1559
1586
1579
1540
1468
1371
1262
1151
1049
965
907
877
883
924
993
1086
1193
1306
1411
1499
1560
1589
1582
1542
1469
1373
1262
1151
1047
961
903
875
884
925
994
1087
1195
1305
1411
1499
1560
1589
1582
1541
1464
1368
1261
1153
1048
964
907
877
884
923
993
1086
1193
1304
1409
1498
1559
1589
1579
1540
1468
1371
1262
1152
1047
962
905
878
883
924
993
1086
1194
1306
1411
1498
1558
1587
1581
1540
1467
1374
1264
1153
1048
963
905
877
885
926
995
1087
1194
1304
1412
1499
1559
1588
1582
1541
1468
1371
1262
1151
1047
963
905
875
882
922
993
1086
1193
1306
1410
1500
1560
1589
1583
1543
1467
1372
1262
1153
1050
963
904
875
882
925
994
1087
1193
1305
1412
1498
1559
1588